0.003811000 96 133 0
0.003820001 127 171 0
0.003836000 4 160 0
0.003837000 149 122 0
0.003848001 63 121 1
0.003849001 17 144 1
0.003852000 92 119 0
0.003866001 16 137 1
0.003875000 156 71 0
0.003879000 26 149 0
0.003881000 135 126 1
0.003897000 205 140 0
0.003904000 95 131 0
0.003905000 26 118 0
0.003909001 55 145 1
0.003917000 26 125 0
0.003923000 151 106 0
0.003926000 128 179 0
0.003927000 49 149 0
0.003933001 140 55 0
0.003934001 50 147 0
0.003935001 16 139 1
0.003939001 159 59 0
0.003940000 206 141 0
0.003958001 26 147 0
0.003962001 20 79 0
0.003967000 12 155 0
0.003971000 225 42 1
0.004003001 12 156 0
0.004003001 160 46 0
0.004009000 15 134 1
0.004039000 17 151 1
0.004043001 48 145 0
0.004047001 157 70 0
0.004048001 4 156 0
0.004058000 125 179 0
0.004059000 63 152 1
0.004072001 46 129 0
0.004073001 17 155 1
0.004077000 3 169 0
0.004078000 10 134 0
0.004083000 158 25 0
0.004099000 26 136 0
0.004101000 47 120 0
0.004107000 93 130 1
0.004113001 218 135 1
0.004121000 4 167 0
0.004137001 182 44 0
0.004142001 46 149 0
0.004147000 170 87 0
0.004150000 26 131 0
0.004151000 12 93 0
0.004157001 139 82 0
0.004163001 151 105 0
0.004169000 47 122 0
0.004171000 15 133 1
0.004173000 10 139 0
0.004182001 129 124 1
0.004187001 17 162 1
0.004193000 22 21 0
0.004193000 154 139 0
0.004193000 95 130 0
0.004194000 26 95 0
0.004194000 11 145 0
0.004199001 133 66 1
0.004215000 70 133 0
0.004224001 17 145 1
0.004234000 222 41 0
0.004237000 3 155 0
0.004238000 166 60 1
0.004238000 140 58 0
0.004255000 92 112 1
0.004258000 143 59 1
0.004275001 32 148 0
0.004280000 3 104 0
0.004280000 26 119 0
0.004282000 171 40 0
0.004284000 38 140 0
0.004293001 83 98 0
0.004294001 198 34 0
0.004296001 33 70 0
0.004298001 93 131 1
0.004302000 2 80 0
0.004313001 27 95 0
0.004321001 158 5 0
0.004321001 91 108 1
0.004325000 48 139 0
0.004337001 232 60 1
0.004340001 86 106 1
0.004349000 170 122 1
0.004350000 27 118 0
0.004352000 17 149 1
0.004359001 170 64 0
0.004365001 77 133 1
0.004387001 55 149 1
0.004388001 169 96 0
0.004396000 46 136 0
0.004423000 4 105 0
0.004426001 161 1 0
0.004445000 158 31 0
0.004445000 128 168 0
0.004455001 232 161 0
0.004456001 18 138 1
0.004475001 96 140 1
0.004476001 134 113 0
0.004481000 17 157 1
0.004505000 30 44 0
0.004532000 17 153 1
0.004533000 33 63 0
0.004538001 231 53 1
0.004544001 65 110 1
0.004544001 88 106 0
0.004549000 30 65 0
0.004554000 26 152 0
0.004556000 129 65 1
0.004575000 17 146 1
0.004576000 221 16 0
0.004578000 158 73 1
0.004579000 79 111 1
0.004602000 53 129 1