0.003811000 96 133 0
0.003820001 127 171 0
0.003836000 4 160 0
0.003837000 149 122 0
0.003848001 63 121 1
0.003849001 17 144 1
0.003852000 92 119 0
0.003866001 16 137 1
0.003875000 156 71 0
0.003879000 26 149 0
0.003881000 135 126 1
0.003897000 205 140 0
0.003904000 95 131 0
0.003905000 26 118 0
0.003909001 55 145 1
0.003917000 26 125 0
0.003923000 151 106 0
0.003926000 128 179 0
0.003927000 49 149 0
0.003933001 140 55 0
0.003934001 50 147 0
0.003935001 16 139 1
0.003939001 159 59 0
0.003940000 206 141 0
0.003958001 26 147 0

